BODY 
	Lxx = 1311832.69	Lxy = -37040.97	Lxz = -1321.61
	Lyx = -37040.97	Lyy = 2294450.38	Lyz = 10027.83
	Lzx = -1321.61	Lzy = 10027.83	Lzz = 1969372.99

HEAD
	Lxx = 321662.68	Lxy = -1235.24	Lxz = -17300.22
	Lyx = -1235.24	Lyy = 422512.28	Lyz = -3585.35
	Lzx = -17300.22	Lzy = -3585.35	Lzz = 674235.00

NECK
	Lxx = 16023.00	Lxy = 0.00	Lxz = 0.00
	Lyx = 0.00	Lyy = 7801.81	Lyz = 0.00
	Lzx = 0.00	Lzy = 0.00	Lzz = 9818.22

HIP_LEFT
	Lxx = 29793.43	Lxy = 160.41	Lxz = 3279.54
	Lyx = 160.41	Lyy = 44056.94	Lyz = -2214.42
	Lzx = 3279.54	Lzy = -2214.42	Lzz = 41533.69

HIP_R_LEFT
	Lxx = 6257.51	Lxy = -0.02	Lxz = 0.00
	Lyx = -0.02	Lyy = 5929.83	Lyz = 0.00
	Lzx = 0.00	Lzy = 0.00	Lzz = 7870.81

THIGH_LEFT
	Lxx = 111447.79	Lxy = 599.78	Lxz = 0.00
	Lyx = 599.78	Lyy = 51193.58	Lyz = 0.00
	Lzx = 0.00	Lzy = 0.00	Lzz = 93367.67

CALF_LEFT
	Lxx = 44670.74	Lxy = 199.80	Lxz = 2144.20
	Lyx = 199.80	Lyy = 31661.72	Lyz = 3182.10
	Lzx = 2144.20	Lzy = 3182.10	Lzz = 30674.45

FOOT_LEFT
	Lxx = 31642.44	Lxy = 0.00	Lxz = 0.00
	Lyx = 0.00	Lyy = 31744.29	Lyz = 0.00
	Lzx = 0.00	Lzy = 0.00	Lzz = 6903.70

HIP_RIGHT
	Lxx = 42345.31	Lxy = 1005.06	Lxz = -2214.42
	Lyx = 1005.06	Lyy = 29793.43	Lyz = -905.31
	Lzx = -2214.42	Lzy = -905.31	Lzz = 44868.56

HIP_R_RIGHT
	Lxx = 6257.51	Lxy = -0.02	Lxz = 0.00
	Lyx = -0.02	Lyy = 5929.83	Lyz = 0.00
	Lzx = 0.00	Lzy = 0.00	Lzz = 7870.81

THIGH_RIGHT
	Lxx = 111447.79	Lxy = 599.78	Lxz = 0.00
	Lyx = 599.78	Lyy = 51193.58	Lyz = 0.00
	Lzx = 0.00	Lzy = 0.00	Lzz = 93367.67

CALF_RIGHT
	Lxx = 44670.74	Lxy = 199.80	Lxz = 2144.20
	Lyx = 199.80	Lyy = 31661.72	Lyz = 3182.10
	Lzx = 2144.20	Lzy = 3182.10	Lzz = 30674.45

FOOT_RIGHT
	Lxx = 31642.44	Lxy = 0.00	Lxz = 0.00
	Lyx = 0.00	Lyy = 31744.29	Lyz = 0.00
	Lzx = 0.00	Lzy = 0.00	Lzz = 6903.70


inertia_dict = {
    "BODY": np.array([
        [1311832.69, -37040.97, -1321.61],
        [-37040.97, 2294450.38, 10027.83],
        [-1321.61, 10027.83, 1969372.99]
    ]),
    "HEAD": np.array([
        [321662.68, -1235.24, -17300.22],
        [-1235.24, 422512.28, -3585.35],
        [-17300.22, -3585.35, 674235.00]
    ]),
    "NECK": np.array([
        [16023.00, 0.00, 0.00],
        [0.00, 7801.81, 0.00],
        [0.00, 0.00, 9818.22]
    ]),
    "HIP_LEFT": np.array([
        [29793.43, 160.41, 3279.54],
        [160.41, 44056.94, -2214.42],
        [3279.54, -2214.42, 41533.69]
    ]),
    "HIP_R_LEFT": np.array([
        [6257.51, -0.02, 0.00],
        [-0.02, 5929.83, 0.00],
        [0.00, 0.00, 7870.81]
    ]),
    "THIGH_LEFT": np.array([
        [111447.79, 599.78, 0.00],
        [599.78, 51193.58, 0.00],
        [0.00, 0.00, 93367.67]
    ]),
    "CALF_LEFT": np.array([
        [44670.74, 199.80, 2144.20],
        [199.80, 31661.72, 3182.10],
        [2144.20, 3182.10, 30674.45]
    ]),
    "FOOT_LEFT": np.array([
        [31642.44, 0.00, 0.00],
        [0.00, 31744.29, 0.00],
        [0.00, 0.00, 6903.70]
    ]),
    "HIP_RIGHT": np.array([
        [42345.31, 1005.06, -2214.42],
        [1005.06, 29793.43, -905.31],
        [-2214.42, -905.31, 44868.56]
    ]),
    "HIP_R_RIGHT": np.array([
        [6257.51, -0.02, 0.00],
        [-0.02, 5929.83, 0.00],
        [0.00, 0.00, 7870.81]
    ]),
    "THIGH_RIGHT": np.array([
        [111447.79, 599.78, 0.00],
        [599.78, 51193.58, 0.00],
        [0.00, 0.00, 93367.67]
    ]),
    "CALF_RIGHT": np.array([
        [44670.74, 199.80, 2144.20],
        [199.80, 31661.72, 3182.10],
        [2144.20, 3182.10, 30674.45]
    ]),
    "FOOT_RIGHT": np.array([
        [31642.44, 0.00, 0.00],
        [0.00, 31744.29, 0.00],
        [0.00, 0.00, 6903.70]
    ]),
}